16
2
5
0
16
2
5
1
16
2
5
2
1
5
0
1
5
1
6
1
5
2
6
1
1
0
18
134
1
5
1
1
5
1
6
1
1
4
1
5
0
6
1
5
2
6
4
2
5
3
1
5
3
7
1
5
3
1
1
0
21
67
1
1
0
7
-1
1
1
0
1
1
1
4
1
5
1
6
1
5
3
12
4
1
1
2
1
5
0
6
5
2
5
4
1
1
0
1
1
1
4
1
5
1
6
1
5
3
12
3
1
1
2
1
5
0
6
5
2
5
5
1
1
2
7
1
5
4
7
1
5
5
7
-1
1
5
0
1
5
1
6
1
1
0
18
183
1
1
0
2
5
4
1
1
0
1
1
1
4
1
5
1
6
1
5
0
5
2
5
5
1
1
2
7
1
5
4
7
1
5
5
7
-1
1
5
0
1
5
2
6
1
1
0
18
267
1
5
2
1
1
0
9
208
1
1
0
7
-1
1
1
0
1
1
1
4
1
5
2
6
1
5
0
5
12
2
5
4
1
1
0
1
1
1
4
1
1
0
1
1
1
4
1
5
2
6
1
5
0
5
12
6
2
5
5
1
1
2
7
1
5
4
7
1
5
5
7
-1
1
5
1
1
5
2
6
1
1
0
18
306
1
1
0
1
1
1
4
1
5
2
6
1
5
1
5
2
5
4
1
1
1
7
1
5
4
7
-1
1
5
2
1
1
0
18
325
1
1
0
2
5
4
1
1
0
7
-1
1
5
0
1
1
0
18
348
1
1
0
2
5
4
1
1
1
7
1
5
4
7
-1
1
5
1
1
1
0
18
371
1
1
0
2
5
4
1
1
1
7
1
5
4
7
-1
1
1
8
7
-1
-2
